 # M200c [solar mass/h]       c200 at redshift   4.99999999999999924E-003
  2.8757140843E+05  2.2098569464E+01
  3.6882139704E+05  2.1641444583E+01
  4.7302763391E+05  2.1193775660E+01
  6.0667614291E+05  2.0755367092E+01
  7.7808549817E+05  2.0326027323E+01
  9.9792459213E+05  1.9905568757E+01
  1.2798766896E+06  1.9493807680E+01
  1.6414911040E+06  1.9090564179E+01
  2.1052755053E+06  1.8695662062E+01
  2.7000968464E+06  1.8308928780E+01
  3.4629781062E+06  1.7930195355E+01
  4.4414026766E+06  1.7559296305E+01
  5.6962698375E+06  1.7196069570E+01
  7.3056852597E+06  1.6840356442E+01
  9.3698224681E+06  1.6492001498E+01
  1.2017157866E+07  1.6150852527E+01
  1.5412467382E+07  1.5816760470E+01
  1.9767082491E+07  1.5489579348E+01
  2.5352043931E+07  1.5169166204E+01
  3.2514971887E+07  1.4855381037E+01
  4.1701702621E+07  1.4548086744E+01
  5.3484038290E+07  1.4247149055E+01
  6.8595337178E+07  1.3952436479E+01
  8.7976159475E+07  1.3663820247E+01
  1.1283280985E+08  1.3381174249E+01
  1.4471242044E+08  1.3104374989E+01
  1.8559924774E+08  1.2833301521E+01
  2.3803817707E+08  1.2567835404E+01
  3.0529312180E+08  1.2307860645E+01
  3.9155017637E+08  1.2053263652E+01
  5.0217816804E+08  1.1803933182E+01
  6.4406282431E+08  1.1559760293E+01
  8.2603535568E+08  1.1320638296E+01
  1.0594221295E+09  1.1086462711E+01
  1.3587496476E+09  1.0857131217E+01
  1.7426487076E+09  1.0632543611E+01
  2.2350140245E+09  1.0412601762E+01
  2.8664914897E+09  1.0197209569E+01
  3.6763856380E+09  9.9862729189E+00
  4.7151060479E+09  9.7796996460E+00
  6.0473049434E+09  9.5773994906E+00
  7.7559012899E+09  9.3792840600E+00
  9.9472418510E+09  9.1852667904E+00
  1.2757720443E+10  8.9952629082E+00
  1.6362267385E+10  8.8091893936E+00
  2.0985237540E+10  8.6269649442E+00
  2.6914374656E+10  8.4485099392E+00
  3.4518721160E+10  8.2737464050E+00
  4.4271588165E+10  8.1025979808E+00
  5.6780015390E+10  7.9349898854E+00
  7.2822554629E+10  7.7708488847E+00
  9.3397728519E+10  7.6101032591E+00
  1.1978618076E+11  7.4526827730E+00
  1.5363038619E+11  7.2985186435E+00
  1.9703688198E+11  7.1475435103E+00
  2.5270738311E+11  6.9996914069E+00
  3.2410694299E+11  6.8548977312E+00
  4.1567962600E+11  6.7130992173E+00
  5.3312511567E+11  6.5742339081E+00
  6.8375347546E+11  6.4382411282E+00
  8.7694014306E+11  6.3050614573E+00
  1.1247094781E+12  6.1746367040E+00
  1.4424831844E+12  6.0469098811E+00
  1.8500401906E+12  5.9218251798E+00
  2.3727477339E+12  5.7993279460E+00
  3.0431402718E+12  5.6793646560E+00
  3.9029444984E+12  5.5618828934E+00
  5.0056765042E+12  5.4468313259E+00
  6.4199727347E+12  5.3341596832E+00
  8.2338620723E+12  5.2238187349E+00
  1.0560244946E+13  5.1157602689E+00
  1.3543920501E+13  5.0099370703E+00
  1.7370599211E+13  4.9063029011E+00
  2.2278461908E+13  4.8048124796E+00
  2.8572984670E+13  4.7054214608E+00
  3.6645952325E+13  4.6080864171E+00
  4.6999843991E+13  4.5127648191E+00
  6.0279108468E+13  4.4194150172E+00
  7.7310276146E+13  4.3279962235E+00
  9.9153404050E+13  4.2384684935E+00
  1.2716805611E+14  4.1507927094E+00
  1.6309792538E+14  4.0649305622E+00
  2.0917936529E+14  3.9808445356E+00
  2.6828058519E+14  3.8984978893E+00
  3.4408017392E+14  3.8178546428E+00
  4.4129606323E+14  3.7388795602E+00
  5.6597918212E+14  3.6615381342E+00
  7.2589007990E+14  3.5857965716E+00
  9.3098195967E+14  3.5116217779E+00
  1.1940201874E+15  3.4389813434E+00
  1.5313768361E+15  3.3678435288E+00
  1.9640497196E+15  3.2981772513E+00
  2.5189693418E+15  3.2299520711E+00
  3.2306751106E+15  3.1631381781E+00
  4.1434651454E+15  3.0977063787E+00
  5.3141534892E+15  3.0336280834E+00
  6.8156063380E+15  2.9708752940E+00
  8.7412773925E+15  2.9094205913E+00
  1.1211024619E+16  2.8492371236E+00
  1.4378570474E+16  2.7902985945E+00
