 # Virial Mass [solar mass/h]  dndM at redshift
  1.4347202296E+05  1.1277686457E-02
  1.8400839023E+05  6.9871869752E-03
  2.3599784110E+05  4.3297647669E-03
  3.0267631238E+05  2.6835343062E-03
  3.8819401758E+05  1.6635362200E-03
  4.9787376522E+05  1.0314329408E-03
  6.3854226203E+05  6.3963872466E-04
  8.1895502210E+05  3.9674816155E-04
  1.0503413292E+06  2.4614042604E-04
  1.3471031717E+06  1.5273559809E-04
  1.7277116541E+06  9.4795637750E-05
  2.2158566785E+06  5.8847589319E-05
  2.8419214562E+06  3.6539511599E-05
  3.6448736244E+06  2.2693006974E-05
  4.6746906777E+06  1.4096721646E-05
  5.9954706759E+06  8.7587575198E-06
  7.6894218469E+06  5.4433558240E-06
  9.8619794069E+06  3.3837037562E-06
  1.2648368077E+07  2.1038795844E-06
  1.6222018767E+07  1.3084402950E-06
  2.0805363291E+07  8.1394108443E-07
  2.6683679009E+07  5.0645352213E-07
  3.4222845114E+07  3.1520660494E-07
  4.3892115751E+07  1.9622828840E-07
  5.6293327415E+07  1.2219121860E-07
  7.2198358572E+07  7.6108278752E-08
  9.2597173055E+07  4.7417509528E-08
  1.1875943757E+08  2.9550299124E-08
  1.5231354854E+08  1.8420551702E-08
  1.9534798701E+08  1.1485826157E-08
  2.5054131032E+08  7.1637737612E-09
  3.2132887129E+08  4.4693315696E-09
  4.1211664213E+08  2.7891080783E-09
  5.2855545174E+08  1.7410490562E-09
  6.7789270562E+08  1.0871269602E-09
  8.6942348021E+08  6.7900605996E-10
  1.1150690687E+09  4.2422035494E-10
  1.4301189884E+09  2.6511478578E-10
  1.8341826334E+09  1.6572989921E-10
  2.3524098065E+09  1.0363151442E-10
  3.0170560974E+09  6.4819570915E-11
  3.8694905409E+09  4.0554839122E-11
  4.9627705164E+09  2.5380484604E-11
  6.3649441542E+09  1.5888241112E-11
  8.1632858002E+09  9.9487348207E-12
  1.0469728161E+10  6.2312161534E-12
  1.3427829241E+10  3.9037931160E-12
  1.7221707703E+10  2.4462737301E-12
  2.2087502819E+10  1.5332815636E-12
  2.8328072290E+10  9.6123732709E-13
  3.6331842774E+10  6.0273054958E-13
  4.6596986404E+10  3.7799864393E-13
  5.9762428110E+10  2.3709407956E-13
  7.6647613704E+10  1.4873107155E-13
  9.8303513968E+10  9.3307849564E-14
  1.2607803937E+11  5.8539983286E-14
  1.6169993697E+11  3.6726923087E-14
  2.0738639136E+11  2.3040416171E-14
  2.6598102713E+11  1.4452479586E-14
  3.4113090222E+11  9.0637659733E-15
  4.3751350878E+11  5.6826657941E-15
  5.6112791049E+11  3.5614716917E-15
  7.1966813735E+11  2.2309543081E-15
  9.2300207892E+11  1.3966170885E-15
  1.1837856832E+12  8.7361827501E-16
  1.5182506907E+12  5.4593987181E-16
  1.9472149330E+12  3.4076477575E-16
  2.4973780802E+12  2.1239491689E-16
  3.2029834867E+12  1.3215630969E-16
  4.1079495723E+12  8.2061560578E-17
  5.2686033999E+12  5.0830993686E-17
  6.7571865958E+12  3.1394527849E-17
  8.6663518250E+12  1.9323277687E-17
  1.1114929696E+13  1.1844946948E-17
  1.4255325037E+13  7.2258077962E-18
  1.8283002903E+13  4.3828694179E-18
  2.3448654751E+13  2.6405774944E-18
  3.0073802020E+13  1.5782487323E-18
  3.8570808328E+13  9.3445574245E-19
  4.9468545882E+13  5.4714587315E-19
  6.3445313639E+13  3.1617222898E-19
  8.1371056112E+13  1.7987404447E-19
  1.0436151061E+14  1.0045798298E-19
  1.3384765318E+14  5.4887856251E-20
  1.7166476565E+14  2.9218359758E-20
  2.2016666759E+14  1.5079269717E-20
  2.8237222318E+14  7.5002543084E-21
  3.6215324189E+14  3.5698034430E-21
  4.6447546834E+14  1.6119274396E-21
  5.9570766112E+14  6.8336707120E-22
  7.6401799816E+14  2.6858304759E-22
  9.7988248199E+14  9.6368810303E-23
  1.2567369889E+15  3.0979257372E-23
  1.6118135474E+15  8.7195705871E-24
  2.0672128970E+15  2.0890156318E-24
  2.6512800866E+15  4.1142819053E-25
  3.4003687320E+15  6.3806220924E-26
  4.3611037447E+15  7.3870039666E-27
  5.5932833675E+15  5.9740552466E-28
  7.1736011478E+15  3.1065263973E-29
