 # k        T(k) 
  1.0000000000E-04  9.9978281148E-01
  1.0209606623E-04  9.9977375547E-01
  1.0423606740E-04  9.9976432519E-01
  1.0642092441E-04  9.9975450539E-01
  1.0865157747E-04  9.9974428021E-01
  1.1092898649E-04  9.9973363316E-01
  1.1325413152E-04  9.9972254710E-01
  1.1562801312E-04  9.9971100419E-01
  1.1805165286E-04  9.9969898592E-01
  1.2052609369E-04  9.9968647300E-01
  1.2305240044E-04  9.9967344543E-01
  1.2563166025E-04  9.9965988237E-01
  1.2826498305E-04  9.9964576221E-01
  1.3095350205E-04  9.9963106245E-01
  1.3369837418E-04  9.9961575973E-01
  1.3650078065E-04  9.9959982977E-01
  1.3936192742E-04  9.9958324734E-01
  1.4228304572E-04  9.9956598622E-01
  1.4526539259E-04  9.9954801919E-01
  1.4831025143E-04  9.9952931795E-01
  1.5141893253E-04  9.9950985311E-01
  1.5459277364E-04  9.9948959415E-01
  1.5783314057E-04  9.9946850936E-01
  1.6114142773E-04  9.9944656580E-01
  1.6451905878E-04  9.9942372930E-01
  1.6796748721E-04  9.9939996434E-01
  1.7148819699E-04  9.9937523407E-01
  1.7508270317E-04  9.9934950020E-01
  1.7875255259E-04  9.9932272300E-01
  1.8249932448E-04  9.9929486125E-01
  1.8632463119E-04  9.9926587213E-01
  1.9023011887E-04  9.9923571123E-01
  1.9421746815E-04  9.9920433245E-01
  1.9828839491E-04  9.9917168795E-01
  2.0244465100E-04  9.9913772812E-01
  2.0668802496E-04  9.9910240148E-01
  2.1102034286E-04  9.9906565463E-01
  2.1544346900E-04  9.9902743218E-01
  2.1995930680E-04  9.9898767669E-01
  2.2456979955E-04  9.9894632862E-01
  2.2927693129E-04  9.9890332620E-01
  2.3408272762E-04  9.9885860542E-01
  2.3898925662E-04  9.9881209992E-01
  2.4399862973E-04  9.9876374092E-01
  2.4911300261E-04  9.9871345713E-01
  2.5433457613E-04  9.9866117469E-01
  2.5966559729E-04  9.9860681709E-01
  2.6510836019E-04  9.9855030504E-01
  2.7066520700E-04  9.9849155644E-01
  2.7633852901E-04  9.9843048624E-01
  2.8213076759E-04  9.9836700640E-01
  2.8804441534E-04  9.9830102572E-01
  2.9408201706E-04  9.9823244984E-01
  3.0024617091E-04  9.9816118105E-01
  3.0653952951E-04  9.9808711827E-01
  3.1296480107E-04  9.9801015686E-01
  3.1952475058E-04  9.9793018861E-01
  3.2622220097E-04  9.9784710156E-01
  3.3306003436E-04  9.9776077992E-01
  3.4004119327E-04  9.9767110395E-01
  3.4716868189E-04  9.9757794986E-01
  3.5444556740E-04  9.9748118969E-01
  3.6187498124E-04  9.9738069118E-01
  3.6946012052E-04  9.9727631767E-01
  3.7720424934E-04  9.9716792795E-01
  3.8511070023E-04  9.9705537618E-01
  3.9318287557E-04  9.9693851173E-01
  4.0142424905E-04  9.9681717906E-01
  4.0983836718E-04  9.9669121761E-01
  4.1842885079E-04  9.9656046165E-01
  4.2719939663E-04  9.9642474017E-01
  4.3615377892E-04  9.9628387671E-01
  4.4529585099E-04  9.9613768928E-01
  4.5462954695E-04  9.9598599020E-01
  4.6415888336E-04  9.9582858594E-01
  4.7388796097E-04  9.9566527703E-01
  4.8382096649E-04  9.9549585791E-01
  4.9396217439E-04  9.9532011676E-01
  5.0431594872E-04  9.9513783541E-01
  5.1488674501E-04  9.9494878918E-01
  5.2567911220E-04  9.9475274675E-01
  5.3669769455E-04  9.9454947002E-01
  5.4794723369E-04  9.9433871398E-01
  5.5943257062E-04  9.9412022656E-01
  5.7115864781E-04  9.9389374851E-01
  5.8313051135E-04  9.9365901329E-01
  5.9535331308E-04  9.9341574690E-01
  6.0783231283E-04  9.9316366776E-01
  6.2057288068E-04  9.9290248660E-01
  6.3358049927E-04  9.9263190634E-01
  6.4686076615E-04  9.9235162194E-01
  6.6041939623E-04  9.9206132033E-01
  6.7426222418E-04  9.9176068022E-01
  6.8839520696E-04  9.9144937210E-01
  7.0282442643E-04  9.9112705801E-01
  7.1755609189E-04  9.9079339155E-01
  7.3259654282E-04  9.9044801770E-01
  7.4795225156E-04  9.9009057278E-01
  7.6362982613E-04  9.8972068437E-01
  7.7963601304E-04  9.8933797116E-01
  7.9597770023E-04  9.8894204298E-01
  8.1266192001E-04  9.8853250066E-01
  8.2969585208E-04  9.8810893599E-01
  8.4708682666E-04  9.8767093169E-01
  8.6484232757E-04  9.8721806136E-01
  8.8296999555E-04  9.8674988942E-01
  9.0147763145E-04  9.8626597112E-01
  9.2037319966E-04  9.8576585254E-01
  9.3966483150E-04  9.8524907051E-01
  9.5936082871E-04  9.8471515270E-01
  9.7946966707E-04  9.8416361760E-01
  1.0000000000E-03  9.8359397454E-01
  1.0209606623E-03  9.8300572376E-01
  1.0423606740E-03  9.8239835642E-01
  1.0642092441E-03  9.8177135469E-01
  1.0865157747E-03  9.8112419184E-01
  1.1092898649E-03  9.8045633230E-01
  1.1325413152E-03  9.7976723176E-01
  1.1562801312E-03  9.7905633733E-01
  1.1805165286E-03  9.7832308761E-01
  1.2052609369E-03  9.7756691288E-01
  1.2305240044E-03  9.7678723525E-01
  1.2563166025E-03  9.7598346882E-01
  1.2826498305E-03  9.7515501986E-01
  1.3095350205E-03  9.7430128703E-01
  1.3369837418E-03  9.7342166161E-01
  1.3650078065E-03  9.7251552769E-01
  1.3936192742E-03  9.7158226245E-01
  1.4228304572E-03  9.7062123642E-01
  1.4526539259E-03  9.6963181375E-01
  1.4831025143E-03  9.6861335247E-01
  1.5141893253E-03  9.6756520486E-01
  1.5459277364E-03  9.6648671773E-01
  1.5783314057E-03  9.6537723275E-01
  1.6114142773E-03  9.6423608681E-01
  1.6451905878E-03  9.6306261238E-01
  1.6796748721E-03  9.6185613789E-01
  1.7148819699E-03  9.6061598812E-01
  1.7508270317E-03  9.5934148458E-01
  1.7875255259E-03  9.5803194593E-01
  1.8249932448E-03  9.5668668842E-01
  1.8632463119E-03  9.5530502629E-01
  1.9023011887E-03  9.5388627227E-01
  1.9421746815E-03  9.5242973794E-01
  1.9828839491E-03  9.5093473430E-01
  2.0244465100E-03  9.4940057213E-01
  2.0668802496E-03  9.4782656256E-01
  2.1102034286E-03  9.4621201747E-01
  2.1544346900E-03  9.4455625003E-01
  2.1995930680E-03  9.4285857516E-01
  2.2456979955E-03  9.4111831004E-01
  2.2927693129E-03  9.3933477458E-01
  2.3408272762E-03  9.3750729192E-01
  2.3898925662E-03  9.3563518893E-01
  2.4399862973E-03  9.3371779670E-01
  2.4911300261E-03  9.3175445100E-01
  2.5433457613E-03  9.2974449282E-01
  2.5966559729E-03  9.2768726876E-01
  2.6510836019E-03  9.2558213159E-01
  2.7066520700E-03  9.2342844063E-01
  2.7633852901E-03  9.2122556227E-01
  2.8213076759E-03  9.1897287035E-01
  2.8804441534E-03  9.1666974661E-01
  2.9408201706E-03  9.1431558112E-01
  3.0024617091E-03  9.1190977264E-01
  3.0653952951E-03  9.0945172902E-01
  3.1296480107E-03  9.0694086754E-01
  3.1952475058E-03  9.0437661528E-01
  3.2622220097E-03  9.0175840939E-01
  3.3306003436E-03  8.9908569744E-01
  3.4004119327E-03  8.9635793762E-01
  3.4716868189E-03  8.9357459905E-01
  3.5444556740E-03  8.9073516194E-01
  3.6187498124E-03  8.8783911779E-01
  3.6946012052E-03  8.8488596954E-01
  3.7720424934E-03  8.8187523169E-01
  3.8511070023E-03  8.7880643039E-01
  3.9318287557E-03  8.7567910346E-01
  4.0142424905E-03  8.7249280042E-01
  4.0983836718E-03  8.6924708246E-01
  4.1842885079E-03  8.6594152237E-01
  4.2719939663E-03  8.6257570439E-01
  4.3615377892E-03  8.5914922412E-01
  4.4529585099E-03  8.5566168825E-01
  4.5462954695E-03  8.5211271438E-01
  4.6415888336E-03  8.4850193066E-01
  4.7388796097E-03  8.4482897550E-01
  4.8382096649E-03  8.4109349715E-01
  4.9396217439E-03  8.3729515327E-01
  5.0431594872E-03  8.3343361047E-01
  5.1488674501E-03  8.2950854372E-01
  5.2567911220E-03  8.2551963584E-01
  5.3669769455E-03  8.2146657678E-01
  5.4794723369E-03  8.1734906304E-01
  5.5943257062E-03  8.1316679688E-01
  5.7115864781E-03  8.0891948557E-01
  5.8313051135E-03  8.0460684064E-01
  5.9535331308E-03  8.0022857698E-01
  6.0783231283E-03  7.9578441204E-01
  6.2057288068E-03  7.9127406490E-01
  6.3358049927E-03  7.8669725540E-01
  6.4686076615E-03  7.8205370324E-01
  6.6041939623E-03  7.7734312707E-01
  6.7426222418E-03  7.7256524361E-01
  6.8839520696E-03  7.6771976682E-01
  7.0282442643E-03  7.6280640708E-01
  7.1755609189E-03  7.5782487050E-01
  7.3259654282E-03  7.5277485819E-01
  7.4795225156E-03  7.4765606586E-01
  7.6362982613E-03  7.4246818329E-01
  7.7963601304E-03  7.3721089425E-01
  7.9597770023E-03  7.3188387638E-01
  8.1266192001E-03  7.2648680151E-01
  8.2969585208E-03  7.2101933615E-01
  8.4708682666E-03  7.1548114234E-01
  8.6484232757E-03  7.0987187895E-01
  8.8296999555E-03  7.0419120329E-01
  9.0147763145E-03  6.9843877341E-01
  9.2037319966E-03  6.9261425076E-01
  9.3966483150E-03  6.8671730363E-01
  9.5936082871E-03  6.8074761128E-01
  9.7946966707E-03  6.7470486874E-01
  1.0000000000E-02  6.6858879262E-01
  1.0209606623E-02  6.6239912773E-01
  1.0423606740E-02  6.5613565477E-01
  1.0642092441E-02  6.4979819909E-01
  1.0865157747E-02  6.4338664057E-01
  1.1092898649E-02  6.3690092475E-01
  1.1325413152E-02  6.3034107517E-01
  1.1562801312E-02  6.2370720709E-01
  1.1805165286E-02  6.1699954242E-01
  1.2052609369E-02  6.1021842607E-01
  1.2305240044E-02  6.0336434351E-01
  1.2563166025E-02  5.9643793957E-01
  1.2826498305E-02  5.8944003843E-01
  1.3095350205E-02  5.8237166459E-01
  1.3369837418E-02  5.7523406458E-01
  1.3650078065E-02  5.6802872942E-01
  1.3936192742E-02  5.6075741726E-01
  1.4228304572E-02  5.5342217611E-01
  1.4526539259E-02  5.4602536606E-01
  1.4831025143E-02  5.3856968081E-01
  1.5141893253E-02  5.3105816769E-01
  1.5459277364E-02  5.2349424597E-01
  1.5783314057E-02  5.1588172261E-01
  1.6114142773E-02  5.0822480507E-01
  1.6451905878E-02  5.0052811044E-01
  1.6796748721E-02  4.9279667030E-01
  1.7148819699E-02  4.8503593087E-01
  1.7508270317E-02  4.7725174774E-01
  1.7875255259E-02  4.6945037495E-01
  1.8249932448E-02  4.6163844792E-01
  1.8632463119E-02  4.5382296007E-01
  1.9023011887E-02  4.4601123317E-01
  1.9421746815E-02  4.3821088134E-01
  1.9828839491E-02  4.3042976920E-01
  2.0244465100E-02  4.2267596447E-01
  2.0668802496E-02  4.1495768588E-01
  2.1102034286E-02  4.0728324708E-01
  2.1544346900E-02  3.9966099771E-01
  2.1995930680E-02  3.9209926271E-01
  2.2456979955E-02  3.8460628116E-01
  2.2927693129E-02  3.7719014589E-01
  2.3408272762E-02  3.6985874519E-01
  2.3898925662E-02  3.6261970779E-01
  2.4399862973E-02  3.5548035213E-01
  2.4911300261E-02  3.4844764076E-01
  2.5433457613E-02  3.4152814046E-01
  2.5966559729E-02  3.3472798820E-01
  2.6510836019E-02  3.2805286288E-01
  2.7066520700E-02  3.2150796221E-01
  2.7633852901E-02  3.1509798384E-01
  2.8213076759E-02  3.0882710933E-01
  2.8804441534E-02  3.0269898933E-01
  2.9408201706E-02  2.9671672792E-01
  3.0024617091E-02  2.9088286420E-01
  3.0653952951E-02  2.8519934866E-01
  3.1296480107E-02  2.7966751256E-01
  3.1952475058E-02  2.7428802835E-01
  3.2622220097E-02  2.6906085982E-01
  3.3306003436E-02  2.6398520130E-01
  3.4004119327E-02  2.5905940594E-01
  3.4716868189E-02  2.5428090416E-01
  3.5444556740E-02  2.4964611443E-01
  3.6187498124E-02  2.4515034979E-01
  3.6946012052E-02  2.4078772473E-01
  3.7720424934E-02  2.3655106848E-01
  3.8511070023E-02  2.3243185181E-01
  3.9318287557E-02  2.2842013567E-01
  4.0142424905E-02  2.2450455071E-01
  4.0983836718E-02  2.2067231725E-01
  4.1842885079E-02  2.1690931550E-01
  4.2719939663E-02  2.1320021502E-01
  4.3615377892E-02  2.0952867179E-01
  4.4529585099E-02  2.0587759900E-01
  4.5462954695E-02  2.0222951558E-01
  4.6415888336E-02  1.9856697280E-01
  4.7388796097E-02  1.9487305549E-01
  4.8382096649E-02  1.9113194945E-01
  4.9396217439E-02  1.8732956147E-01
  5.0431594872E-02  1.8345417259E-01
  5.1488674501E-02  1.7949709954E-01
  5.2567911220E-02  1.7545333362E-01
  5.3669769455E-02  1.7132212149E-01
  5.4794723369E-02  1.6710744860E-01
  5.5943257062E-02  1.6281838359E-01
  5.7115864781E-02  1.5846924211E-01
  5.8313051135E-02  1.5407953083E-01
  5.9535331308E-02  1.4967363821E-01
  6.0783231283E-02  1.4528024716E-01
  6.2057288068E-02  1.4093145725E-01
  6.3358049927E-02  1.3666162018E-01
  6.4686076615E-02  1.3250591062E-01
  6.6041939623E-02  1.2849867633E-01
  6.7426222418E-02  1.2467163380E-01
  6.8839520696E-02  1.2105199856E-01
  7.0282442643E-02  1.1766065959E-01
  7.1755609189E-02  1.1451052460E-01
  7.3259654282E-02  1.1160517251E-01
  7.4795225156E-02  1.0893795172E-01
  7.6362982613E-02  1.0649165271E-01
  7.7963601304E-02  1.0423886150E-01
  7.9597770023E-02  1.0214306386E-01
  8.1266192001E-02  1.0016052032E-01
  8.2969585208E-02  9.8242869255E-02
  8.4708682666E-02  9.6340343723E-02
  8.6484232757E-02  9.4405412424E-02
  8.8296999555E-02  9.2396582508E-02
  9.0147763145E-02  9.0282041710E-02
  9.2037319966E-02  8.8042778309E-02
  9.3966483150E-02  8.5674809869E-02
  9.5936082871E-02  8.3190184133E-02
  9.7946966707E-02  8.0616493412E-02
  1.0000000000E-01  7.7994768616E-02
  1.0209606623E-01  7.5375785658E-02
  1.0423606740E-01  7.2815012956E-02
  1.0642092441E-01  7.0366634065E-02
  1.0865157747E-01  6.8077266760E-02
  1.1092898649E-01  6.5980137432E-02
  1.1325413152E-01  6.4090524578E-02
  1.1562801312E-01  6.2403229509E-02
  1.1805165286E-01  6.0892649460E-02
  1.2052609369E-01  5.9515719051E-02
  1.2305240044E-01  5.8217575106E-02
  1.2563166025E-01  5.6939337053E-02
  1.2826498305E-01  5.5626954139E-02
  1.3095350205E-01  5.4239739961E-02
  1.3369837418E-01  5.2757083764E-02
  1.3650078065E-01  5.1181966638E-02
  1.3936192742E-01  4.9540348534E-02
  1.4228304572E-01  4.7876198034E-02
  1.4526539259E-01  4.6242809748E-02
  1.4831025143E-01  4.4691927369E-02
  1.5141893253E-01  4.3262855393E-02
  1.5459277364E-01  4.1973993589E-02
  1.5783314057E-01  4.0818919637E-02
  1.6114142773E-01  3.9768249509E-02
  1.6451905878E-01  3.8777154271E-02
  1.6796748721E-01  3.7796901563E-02
  1.7148819699E-01  3.6787530662E-02
  1.7508270317E-01  3.5728185941E-02
  1.7875255259E-01  3.4622024306E-02
  1.8249932448E-01  3.3494017767E-02
  1.8632463119E-01  3.2382092124E-02
  1.9023011887E-01  3.1324261276E-02
  1.9421746815E-01  3.0345958231E-02
  1.9828839491E-01  2.9451958117E-02
  2.0244465100E-01  2.8625864910E-02
  2.0668802496E-01  2.7837427079E-02
  2.1102034286E-01  2.7054889754E-02
  2.1544346900E-01  2.6257428320E-02
  2.1995930680E-01  2.5442495726E-02
  2.2456979955E-01  2.4624978154E-02
  2.2927693129E-01  2.3828679888E-02
  2.3408272762E-01  2.3074258700E-02
  2.3898925662E-01  2.2369504378E-02
  2.4399862973E-01  2.1706711020E-02
  2.4911300261E-01  2.1068201762E-02
  2.5433457613E-01  2.0436666754E-02
  2.5966559729E-01  1.9804337370E-02
  2.6510836019E-01  1.9175814301E-02
  2.7066520700E-01  1.8563300880E-02
  2.7633852901E-01  1.7977731600E-02
  2.8213076759E-01  1.7421766237E-02
  2.8804441534E-01  1.6889093313E-02
  2.9408201706E-01  1.6369918089E-02
  3.0024617091E-01  1.5858140598E-02
  3.0653952951E-01  1.5354812056E-02
  3.1296480107E-01  1.4865698492E-02
  3.1952475058E-01  1.4395573800E-02
  3.2622220097E-01  1.3944260282E-02
  3.3306003436E-01  1.3507469857E-02
  3.4004119327E-01  1.3081032789E-02
  3.4716868189E-01  1.2664251707E-02
  3.5444556740E-01  1.2259444228E-02
  3.6187498124E-01  1.1868727151E-02
  3.6946012052E-01  1.1491647480E-02
  3.7720424934E-01  1.1125901693E-02
  3.8511070023E-01  1.0769845606E-02
  3.9318287557E-01  1.0423774106E-02
  4.0142424905E-01  1.0088777916E-02
  4.0983836718E-01  9.7649357272E-03
  4.1842885079E-01  9.4511037232E-03
  4.2719939663E-01  9.1462652974E-03
  4.3615377892E-01  8.8504494488E-03
  4.4529585099E-01  8.5640897016E-03
  4.5462954695E-01  8.2869610137E-03
  4.6415888336E-01  8.0182649159E-03
  4.7388796097E-01  7.7575619378E-03
  4.8382096649E-01  7.5050035055E-03
  4.9396217439E-01  7.2605851654E-03
  5.0431594872E-01  7.0237806136E-03
  5.1488674501E-01  6.7941497851E-03
  5.2567911220E-01  6.5717247855E-03
  5.3669769455E-01  6.3564661650E-03
  5.4794723369E-01  6.1479309724E-03
  5.5943257062E-01  5.9458124445E-03
  5.7115864781E-01  5.7501495693E-03
  5.8313051135E-01  5.5607697660E-03
  5.9535331308E-01  5.3772752518E-03
  6.0783231283E-01  5.1995698390E-03
  6.2057288068E-01  5.0276219349E-03
  6.3358049927E-01  4.8611016206E-03
  6.4686076615E-01  4.6998259438E-03
  6.6041939623E-01  4.5437877677E-03
  6.7426222418E-01  4.3927215125E-03
  6.8839520696E-01  4.2464387746E-03
  7.0282442643E-01  4.1049218388E-03
  7.1755609189E-01  3.9679268291E-03
  7.3259654282E-01  3.8353126549E-03
  7.4795225156E-01  3.7070318298E-03
  7.6362982613E-01  3.5828482544E-03
  7.7963601304E-01  3.4626939604E-03
  7.9597770023E-01  3.3464527179E-03
  8.1266192001E-01  3.2339444649E-03
  8.2969585208E-01  3.1251315771E-03
  8.4708682666E-01  3.0198312677E-03
  8.6484232757E-01  2.9179759682E-03
  8.8296999555E-01  2.8194462757E-03
  9.0147763145E-01  2.7241256252E-03
  9.2037319966E-01  2.6319427478E-03
  9.3966483150E-01  2.5427614669E-03
  9.5936082871E-01  2.4565281000E-03
  9.7946966707E-01  2.3731099581E-03
  1.0000000000E+00  2.2924557272E-03
  1.0209606623E+00  2.2144437323E-03
  1.0423606740E+00  2.1390214383E-03
  1.0642092441E+00  2.0660791250E-03
  1.0865157747E+00  1.9955616674E-03
  1.1092898649E+00  1.9273731714E-03
  1.1325413152E+00  1.8614520292E-03
  1.1562801312E+00  1.7977204801E-03
  1.1805165286E+00  1.7361062676E-03
  1.2052609369E+00  1.6765501922E-03
  1.2305240044E+00  1.6189743844E-03
  1.2563166025E+00  1.5633255301E-03
  1.2826498305E+00  1.5095370619E-03
  1.3095350205E+00  1.4575464005E-03
  1.3369837418E+00  1.4073020185E-03
  1.3650078065E+00  1.3587427478E-03
  1.3936192742E+00  1.3118132317E-03
  1.4228304572E+00  1.2664645463E-03
  1.4526539259E+00  1.2226434856E-03
  1.4831025143E+00  1.1802984260E-03
  1.5141893253E+00  1.1393830236E-03
  1.5459277364E+00  1.0998515517E-03
  1.5783314057E+00  1.0616576701E-03
  1.6114142773E+00  1.0247568658E-03
  1.6451905878E+00  9.8910714720E-04
  1.6796748721E+00  9.5466797021E-04
  1.7148819699E+00  9.2139959128E-04
  1.7508270317E+00  8.8926323604E-04
  1.7875255259E+00  8.5822139230E-04
  1.8249932448E+00  8.2823786897E-04
  1.8632463119E+00  7.9927770073E-04
  1.9023011887E+00  7.7130704379E-04
  1.9421746815E+00  7.4429311349E-04
  1.9828839491E+00  7.1820415161E-04
  2.0244465100E+00  6.9300940259E-04
  2.0668802496E+00  6.6867908812E-04
  2.1102034286E+00  6.4518437877E-04
  2.1544346900E+00  6.2249736564E-04
  2.1995930680E+00  6.0059103752E-04
  2.2456979955E+00  5.7943926806E-04
  2.2927693129E+00  5.5901680631E-04
  2.3408272762E+00  5.3929924127E-04
  2.3898925662E+00  5.2026291199E-04
  2.4399862973E+00  5.0188482054E-04
  2.4911300261E+00  4.8414270286E-04
  2.5433457613E+00  4.6701520532E-04
  2.5966559729E+00  4.5048172557E-04
  2.6510836019E+00  4.3452204100E-04
  2.7066520700E+00  4.1911666199E-04
  2.7633852901E+00  4.0424703680E-04
  2.8213076759E+00  3.8989481798E-04
  2.8804441534E+00  3.7604248507E-04
  2.9408201706E+00  3.6267311717E-04
  3.0024617091E+00  3.4977015475E-04
  3.0653952951E+00  3.3731784744E-04
  3.1296480107E+00  3.2530071312E-04
  3.1952475058E+00  3.1370396279E-04
  3.2622220097E+00  3.0251323177E-04
  3.3306003436E+00  2.9171456437E-04
  3.4004119327E+00  2.8129461676E-04
  3.4716868189E+00  2.7124037315E-04
  3.5444556740E+00  2.6153925499E-04
  3.6187498124E+00  2.5217915558E-04
  3.6946012052E+00  2.4314835943E-04
  3.7720424934E+00  2.3443552466E-04
  3.8511070023E+00  2.2602968964E-04
  3.9318287557E+00  2.1792026480E-04
  4.0142424905E+00  2.1009701743E-04
  4.0983836718E+00  2.0255005827E-04
  4.1842885079E+00  1.9526983043E-04
  4.2719939663E+00  1.8824709995E-04
  4.3615377892E+00  1.8147294597E-04
  4.4529585099E+00  1.7493874649E-04
  4.5462954695E+00  1.6863616251E-04
  4.6415888336E+00  1.6255714168E-04
  4.7388796097E+00  1.5669392179E-04
  4.8382096649E+00  1.5103898018E-04
  4.9396217439E+00  1.4558505699E-04
  5.0431594872E+00  1.4032515014E-04
  5.1488674501E+00  1.3525247719E-04
  5.2567911220E+00  1.3036050206E-04
  5.3669769455E+00  1.2564290746E-04
  5.4794723369E+00  1.2109358377E-04
  5.5943257062E+00  1.1670664121E-04
  5.7115864781E+00  1.1247638821E-04
  5.8313051135E+00  1.0839732575E-04
  5.9535331308E+00  1.0446414422E-04
  6.0783231283E+00  1.0067171688E-04
  6.2057288068E+00  9.7015093245E-05
  6.3358049927E+00  9.3489493437E-05
  6.4686076615E+00  9.0090302419E-05
  6.6041939623E+00  8.6813062705E-05
  6.7426222418E+00  8.3653470015E-05
  6.8839520696E+00  8.0607373257E-05
  7.0282442643E+00  7.7670759332E-05
  7.1755609189E+00  7.4839758349E-05
  7.3259654282E+00  7.2110630656E-05
  7.4795225156E+00  6.9479770249E-05
  7.6362982613E+00  6.6943693417E-05
  7.7963601304E+00  6.4499038017E-05
  7.9597770023E+00  6.2142559366E-05
  8.1266192001E+00  5.9871125544E-05
  8.2969585208E+00  5.7681713555E-05
  8.4708682666E+00  5.5571405799E-05
  8.6484232757E+00  5.3537386978E-05
  8.8296999555E+00  5.1576939769E-05
  9.0147763145E+00  4.9687441099E-05
  9.2037319966E+00  4.7866361337E-05
  9.3966483150E+00  4.6111257790E-05
  9.5936082871E+00  4.4419774263E-05
  9.7946966707E+00  4.2789637215E-05
  1.0000000000E+01  4.1218652647E-05
  1.0209606623E+01  3.9704703728E-05
  1.0423606740E+01  3.8245748147E-05
  1.0642092441E+01  3.6839815360E-05
  1.0865157747E+01  3.5485004103E-05
  1.1092898649E+01  3.4179480674E-05
  1.1325413152E+01  3.2921475326E-05
  1.1562801312E+01  3.1709281414E-05
  1.1805165286E+01  3.0541252282E-05
  1.2052609369E+01  2.9415799514E-05
  1.2305240044E+01  2.8331390956E-05
  1.2563166025E+01  2.7286548750E-05
  1.2826498305E+01  2.6279847372E-05
  1.3095350205E+01  2.5309911746E-05
  1.3369837418E+01  2.4375415844E-05
  1.3650078065E+01  2.3475080531E-05
  1.3936192742E+01  2.2607672192E-05
  1.4228304572E+01  2.1772001115E-05
  1.4526539259E+01  2.0966919906E-05
  1.4831025143E+01  2.0191322084E-05
  1.5141893253E+01  1.9444140561E-05
  1.5459277364E+01  1.8724346321E-05
  1.5783314057E+01  1.8030947061E-05
  1.6114142773E+01  1.7362985951E-05
  1.6451905878E+01  1.6719540338E-05
  1.6796748721E+01  1.6099720550E-05
  1.7148819699E+01  1.5502668807E-05
  1.7508270317E+01  1.4927557969E-05
  1.7875255259E+01  1.4373590598E-05
  1.8249932448E+01  1.3839997824E-05
  1.8632463119E+01  1.3326038363E-05
  1.9023011887E+01  1.2830997525E-05
  1.9421746815E+01  1.2354186338E-05
  1.9828839491E+01  1.1894940552E-05
  2.0244465100E+01  1.1452619826E-05
  2.0668802496E+01  1.1026606862E-05
  2.1102034286E+01  1.0616306598E-05
  2.1544346900E+01  1.0221145394E-05
  2.1995930680E+01  9.8405703099E-06
  2.2456979955E+01  9.4740483430E-06
  2.2927693129E+01  9.1210657264E-06
  2.3408272762E+01  8.7811272522E-06
  2.3898925662E+01  8.4537556043E-06
  2.4399862973E+01  8.1384907275E-06
  2.4911300261E+01  7.8348892034E-06
  2.5433457613E+01  7.5425236718E-06
  2.5966559729E+01  7.2609822401E-06
  2.6510836019E+01  6.9898679461E-06
  2.7066520700E+01  6.7287982177E-06
  2.7633852901E+01  6.4774043614E-06
  2.8213076759E+01  6.2353310631E-06
  2.8804441534E+01  6.0022359117E-06
  2.9408201706E+01  5.7777889336E-06
  3.0024617091E+01  5.5616721536E-06
  3.0653952951E+01  5.3535791582E-06
  3.1296480107E+01  5.1532146830E-06
  3.1952475058E+01  4.9602942136E-06
  3.2622220097E+01  4.7745435975E-06
  3.3306003436E+01  4.5956986739E-06
  3.4004119327E+01  4.4235049111E-06
  3.4716868189E+01  4.2577170627E-06
  3.5444556740E+01  4.0980988331E-06
  3.6187498124E+01  3.9444225526E-06
  3.6946012052E+01  3.7964688686E-06
  3.7720424934E+01  3.6540264458E-06
  3.8511070023E+01  3.5168916742E-06
  3.9318287557E+01  3.3848683934E-06
  4.0142424905E+01  3.2577676204E-06
  4.0983836718E+01  3.1354072921E-06
  4.1842885079E+01  3.0176120146E-06
  4.2719939663E+01  2.9042128207E-06
  4.3615377892E+01  2.7950469387E-06
  4.4529585099E+01  2.6899575662E-06
  4.5462954695E+01  2.5887936555E-06
  4.6415888336E+01  2.4914097029E-06
  4.7388796097E+01  2.3976655492E-06
  4.8382096649E+01  2.3074261846E-06
  4.9396217439E+01  2.2205615616E-06
  5.0431594872E+01  2.1369464154E-06
  5.1488674501E+01  2.0564600890E-06
  5.2567911220E+01  1.9789863661E-06
  5.3669769455E+01  1.9044133091E-06
  5.4794723369E+01  1.8326331035E-06
  5.5943257062E+01  1.7635419074E-06
  5.7115864781E+01  1.6970397070E-06
  5.8313051135E+01  1.6330301765E-06
  5.9535331308E+01  1.5714205437E-06
  6.0783231283E+01  1.5121214603E-06
  6.2057288068E+01  1.4550468770E-06
  6.3358049927E+01  1.4001139222E-06
  6.4686076615E+01  1.3472427866E-06
  6.6041939623E+01  1.2963566110E-06
  6.7426222418E+01  1.2473813777E-06
  6.8839520696E+01  1.2002458073E-06
  7.0282442643E+01  1.1548812579E-06
  7.1755609189E+01  1.1112216287E-06
  7.3259654282E+01  1.0692032663E-06
  7.4795225156E+01  1.0287648756E-06
  7.6362982613E+01  9.8984743294E-07
  7.7963601304E+01  9.5239410260E-07
  7.9597770023E+01  9.1635015660E-07
  8.1266192001E+01  8.8166289721E-07
  8.2969585208E+01  8.4828158228E-07
  8.4708682666E+01  8.1615735337E-07
  8.6484232757E+01  7.8524316639E-07
  8.8296999555E+01  7.5549372487E-07
  9.0147763145E+01  7.2686541558E-07
  9.2037319966E+01  6.9931624651E-07
  9.3966483150E+01  6.7280578716E-07
  9.5936082871E+01  6.4729511096E-07
  9.7946966707E+01  6.2274673979E-07
  1.0000000000E+02  5.9912459053E-07
  1.0209606623E+02  5.7639392361E-07
  1.0423606740E+02  5.5452129336E-07
  1.0642092441E+02  5.3347450024E-07
  1.0865157747E+02  5.1322254477E-07
  1.1092898649E+02  4.9373558318E-07
  1.1325413152E+02  4.7498488469E-07
  1.1562801312E+02  4.5694279028E-07
  1.1805165286E+02  4.3958267310E-07
  1.2052609369E+02  4.2287890018E-07
  1.2305240044E+02  4.0680679568E-07
  1.2563166025E+02  3.9134260541E-07
  1.2826498305E+02  3.7646346267E-07
  1.3095350205E+02  3.6214735534E-07
  1.3369837418E+02  3.4837309419E-07
  1.3650078065E+02  3.3512028236E-07
  1.3936192742E+02  3.2236928594E-07
  1.4228304572E+02  3.1010120565E-07
  1.4526539259E+02  2.9829784955E-07
  1.4831025143E+02  2.8694170675E-07
  1.5141893253E+02  2.7601592215E-07
  1.5459277364E+02  2.6550427199E-07
  1.5783314057E+02  2.5539114041E-07
  1.6114142773E+02  2.4566149683E-07
  1.6451905878E+02  2.3630087416E-07
  1.6796748721E+02  2.2729534785E-07
  1.7148819699E+02  2.1863151565E-07
  1.7508270317E+02  2.1029647817E-07
  1.7875255259E+02  2.0227782016E-07
  1.8249932448E+02  1.9456359242E-07
  1.8632463119E+02  1.8714229447E-07
  1.9023011887E+02  1.8000285780E-07
  1.9421746815E+02  1.7313462973E-07
  1.9828839491E+02  1.6652735792E-07
  2.0244465100E+02  1.6017117542E-07
  2.0668802496E+02  1.5405658625E-07
  2.1102034286E+02  1.4817445160E-07
  2.1544346900E+02  1.4251597640E-07
  2.1995930680E+02  1.3707269657E-07
  2.2456979955E+02  1.3183646657E-07
  2.2927693129E+02  1.2679944752E-07
  2.3408272762E+02  1.2195409572E-07
  2.3898925662E+02  1.1729315160E-07
  2.4399862973E+02  1.1280962910E-07
  2.4911300261E+02  1.0849680542E-07
  2.5433457613E+02  1.0434821116E-07
  2.5966559729E+02  1.0035762081E-07
  2.6510836019E+02  9.6519043648E-08
  2.7066520700E+02  9.2826714916E-08
  2.7633852901E+02  8.9275087344E-08
  2.8213076759E+02  8.5858823003E-08
  2.8804441534E+02  8.2572785450E-08
  2.9408201706E+02  7.9412032165E-08
  3.0024617091E+02  7.6371807274E-08
  3.0653952951E+02  7.3447534540E-08
  3.1296480107E+02  7.0634810620E-08
  3.1952475058E+02  6.7929398564E-08
  3.2622220097E+02  6.5327221572E-08
  3.3306003436E+02  6.2824356966E-08
  3.4004119327E+02  6.0417030402E-08
  3.4716868189E+02  5.8101610290E-08
  3.5444556740E+02  5.5874602424E-08
  3.6187498124E+02  5.3732644815E-08
  3.6946012052E+02  5.1672502714E-08
  3.7720424934E+02  4.9691063824E-08
  3.8511070023E+02  4.7785333688E-08
  3.9318287557E+02  4.5952431253E-08
  4.0142424905E+02  4.4189584596E-08
  4.0983836718E+02  4.2494126813E-08
  4.1842885079E+02  4.0863492064E-08
  4.2719939663E+02  3.9295211759E-08
  4.3615377892E+02  3.7786910893E-08
  4.4529585099E+02  3.6336304517E-08
  4.5462954695E+02  3.4941194341E-08
  4.6415888336E+02  3.3599465463E-08
  4.7388796097E+02  3.2309083221E-08
  4.8382096649E+02  3.1068090169E-08
  4.9396217439E+02  2.9874603155E-08
  5.0431594872E+02  2.8726810519E-08
  5.1488674501E+02  2.7622969391E-08
  5.2567911220E+02  2.6561403095E-08
  5.3669769455E+02  2.5540498641E-08
  5.4794723369E+02  2.4558704325E-08
  5.5943257062E+02  2.3614527405E-08
  5.7115864781E+02  2.2706531877E-08
  5.8313051135E+02  2.1833336325E-08
  5.9535331308E+02  2.0993611859E-08
  6.0783231283E+02  2.0186080122E-08
  6.2057288068E+02  1.9409511383E-08
  6.3358049927E+02  1.8662722696E-08
  6.4686076615E+02  1.7944576121E-08
  6.6041939623E+02  1.7253977030E-08
  6.7426222418E+02  1.6589872457E-08
  6.8839520696E+02  1.5951249526E-08
  7.0282442643E+02  1.5337133928E-08
  7.1755609189E+02  1.4746588461E-08
  7.3259654282E+02  1.4178711621E-08
  7.4795225156E+02  1.3632636251E-08
  7.6362982613E+02  1.3107528237E-08
  7.7963601304E+02  1.2602585252E-08
  7.9597770023E+02  1.2117035555E-08
  8.1266192001E+02  1.1650136827E-08
  8.2969585208E+02  1.1201175054E-08
  8.4708682666E+02  1.0769463452E-08
  8.6484232757E+02  1.0354341437E-08
  8.8296999555E+02  9.9551736229E-09
  9.0147763145E+02  9.5713488717E-09
  9.2037319966E+02  9.2022793671E-09
  9.3966483150E+02  8.8473997299E-09
  9.5936082871E+02  8.5061661652E-09
  9.7946966707E+02  8.1780556417E-09
  1.0000000000E+03  7.8625651022E-09
  1.0209606623E+03  7.5592107037E-09
  1.0423606740E+03  7.2675270869E-09
  1.0642092441E+03  6.9870666726E-09
  1.0865157747E+03  6.7173989857E-09
  1.1092898649E+03  6.4581100032E-09
  1.1325413152E+03  6.2088015291E-09
  1.1562801312E+03  5.9690905910E-09
  1.1805165286E+03  5.7386088606E-09
  1.2052609369E+03  5.5170020960E-09
  1.2305240044E+03  5.3039296052E-09
  1.2563166025E+03  5.0990637295E-09
  1.2826498305E+03  4.9020893471E-09
  1.3095350205E+03  4.7127033952E-09
  1.3369837418E+03  4.5306144105E-09
  1.3650078065E+03  4.3555420864E-09
  1.3936192742E+03  4.1872168482E-09
  1.4228304572E+03  4.0253794433E-09
  1.4526539259E+03  3.8697805476E-09
  1.4831025143E+03  3.7201803869E-09
  1.5141893253E+03  3.5763483721E-09
  1.5459277364E+03  3.4380627489E-09
  1.5783314057E+03  3.3051102605E-09
  1.6114142773E+03  3.1772858231E-09
  1.6451905878E+03  3.0543922139E-09
  1.6796748721E+03  2.9362397710E-09
  1.7148819699E+03  2.8226461042E-09
  1.7508270317E+03  2.7134358175E-09
  1.7875255259E+03  2.6084402418E-09
  1.8249932448E+03  2.5074971779E-09
  1.8632463119E+03  2.4104506490E-09
  1.9023011887E+03  2.3171506629E-09
  1.9421746815E+03  2.2274529834E-09
  1.9828839491E+03  2.1412189097E-09
  2.0244465100E+03  2.0583150654E-09
  2.0668802496E+03  1.9786131941E-09
  2.1102034286E+03  1.9019899640E-09
  2.1544346900E+03  1.8283267793E-09
  2.1995930680E+03  1.7575095989E-09
  2.2456979955E+03  1.6894287622E-09
  2.2927693129E+03  1.6239788213E-09
  2.3408272762E+03  1.5610583798E-09
  2.3898925662E+03  1.5005699375E-09
  2.4399862973E+03  1.4424197413E-09
  2.4911300261E+03  1.3865176417E-09
  2.5433457613E+03  1.3327769546E-09
  2.5966559729E+03  1.2811143287E-09
  2.6510836019E+03  1.2314496177E-09
  2.7066520700E+03  1.1837057574E-09
  2.7633852901E+03  1.1378086477E-09
  2.8213076759E+03  1.0936870386E-09
  2.8804441534E+03  1.0512724215E-09
  2.9408201706E+03  1.0104989236E-09
  3.0024617091E+03  9.7130320701E-10
  3.0653952951E+03  9.3362437146E-10
  3.1296480107E+03  8.9740386074E-10
  3.1952475058E+03  8.6258537284E-10
  3.2622220097E+03  8.2911477337E-10
  3.3306003436E+03  7.9694001242E-10
  3.4004119327E+03  7.6601104448E-10
  3.4716868189E+03  7.3627975156E-10
  3.5444556740E+03  7.0769986911E-10
  3.6187498124E+03  6.8022691490E-10
  3.6946012052E+03  6.5381812053E-10
  3.7720424934E+03  6.2843236559E-10
  3.8511070023E+03  6.0403011439E-10
  3.9318287557E+03  5.8057335502E-10
  4.0142424905E+03  5.5802554083E-10
  4.0983836718E+03  5.3635153409E-10
  4.1842885079E+03  5.1551755186E-10
  4.2719939663E+03  4.9549111387E-10
  4.3615377892E+03  4.7624099248E-10
  4.4529585099E+03  4.5773716448E-10
  4.5462954695E+03  4.3995076476E-10
  4.6415888336E+03  4.2285404180E-10
  4.7388796097E+03  4.0642031481E-10
  4.8382096649E+03  3.9062393255E-10
  4.9396217439E+03  3.7544023368E-10
  5.0431594872E+03  3.6084550871E-10
  5.1488674501E+03  3.4681696334E-10
  5.2567911220E+03  3.3333268324E-10
  5.3669769455E+03  3.2037160017E-10
  5.4794723369E+03  3.0791345940E-10
  5.5943257062E+03  2.9593878840E-10
  5.7115864781E+03  2.8442886668E-10
  5.8313051135E+03  2.7336569688E-10
  5.9535331308E+03  2.6273197686E-10
  6.0783231283E+03  2.5251107296E-10
  6.2057288068E+03  2.4268699419E-10
  6.3358049927E+03  2.3324436754E-10
  6.4686076615E+03  2.2416841408E-10
  6.6041939623E+03  2.1544492612E-10
  6.7426222418E+03  2.0706024518E-10
  6.8839520696E+03  1.9900124079E-10
  7.0282442643E+03  1.9125529015E-10
  7.1755609189E+03  1.8381025857E-10
  7.3259654282E+03  1.7665448061E-10
  7.4795225156E+03  1.6977674200E-10
  7.6362982613E+03  1.6316626223E-10
  7.7963601304E+03  1.5681267782E-10
  7.9597770023E+03  1.5070602623E-10
  8.1266192001E+03  1.4483673038E-10
  8.2969585208E+03  1.3919558380E-10
  8.4708682666E+03  1.3377373626E-10
  8.6484232757E+03  1.2856268011E-10
  8.8296999555E+03  1.2355423698E-10
  9.0147763145E+03  1.1874054510E-10
  9.2037319966E+03  1.1411404707E-10
  9.3966483150E+03  1.0966747809E-10
  9.5936082871E+03  1.0539385469E-10
  9.7946966707E+03  1.0128646384E-10
  1.0000000000E+04  9.7338852493E-11
  1.0209606623E+04  9.3544817576E-11
  1.0423606740E+04  8.9898396295E-11
  1.0642092441E+04  8.6393856868E-11
  1.0865157747E+04  8.3025689592E-11
  1.1092898649E+04  7.9788598259E-11
  1.1325413152E+04  7.6677491906E-11
  1.1562801312E+04  7.3687476875E-11
  1.1805165286E+04  7.0813849189E-11
  1.2052609369E+04  6.8052087212E-11
  1.2305240044E+04  6.5397844604E-11
  1.2563166025E+04  6.2846943536E-11
  1.2826498305E+04  6.0395368171E-11
  1.3095350205E+04  5.8039258403E-11
  1.3369837418E+04  5.5774903827E-11
  1.3650078065E+04  5.3598737948E-11
  1.3936192742E+04  5.1507332612E-11
  1.4228304572E+04  4.9497392652E-11
  1.4526539259E+04  4.7565750743E-11
  1.4831025143E+04  4.5709362449E-11
  1.5141893253E+04  4.3925301470E-11
  1.5459277364E+04  4.2210755065E-11
  1.5783314057E+04  4.0563019657E-11
  1.6114142773E+04  3.8979496605E-11
  1.6451905878E+04  3.7457688140E-11
  1.6796748721E+04  3.5995193457E-11
  1.7148819699E+04  3.4589704963E-11
  1.7508270317E+04  3.3239004660E-11
  1.7875255259E+04  3.1940960678E-11
  1.8249932448E+04  3.0693523938E-11
  1.8632463119E+04  2.9494724942E-11
  1.9023011887E+04  2.8342670688E-11
  1.9421746815E+04  2.7235541710E-11
  1.9828839491E+04  2.6171589221E-11
  2.0244465100E+04  2.5149132378E-11
  2.0668802496E+04  2.4166555646E-11
  2.1102034286E+04  2.3222306268E-11
  2.1544346900E+04  2.2314891825E-11
  2.1995930680E+04  2.1442877904E-11
  2.2456979955E+04  2.0604885842E-11
  2.2927693129E+04  1.9799590566E-11
  2.3408272762E+04  1.9025718516E-11
  2.3898925662E+04  1.8282045642E-11
  2.4399862973E+04  1.7567395488E-11
  2.4911300261E+04  1.6880637344E-11
  2.5433457613E+04  1.6220684466E-11
  2.5966559729E+04  1.5586492379E-11
  2.6510836019E+04  1.4977057227E-11
  2.7066520700E+04  1.4391414204E-11
  2.7633852901E+04  1.3828636031E-11
  2.8213076759E+04  1.3287831507E-11
  2.8804441534E+04  1.2768144101E-11
  2.9408201706E+04  1.2268750611E-11
  3.0024617091E+04  1.1788859866E-11
  3.0653952951E+04  1.1327711486E-11
  3.1296480107E+04  1.0884574681E-11
  3.1952475058E+04  1.0458747107E-11
  3.2622220097E+04  1.0049553757E-11
  3.3306003436E+04  9.6563459016E-12
  3.4004119327E+04  9.2785000661E-12
  3.4716868189E+04  8.9154170506E-12
  3.5444556740E+04  8.5665209857E-12
  3.6187498124E+04  8.2312584267E-12
  3.6946012052E+04  7.9090974813E-12
  3.7720424934E+04  7.5995269725E-12
  3.8511070023E+04  7.3020556328E-12
  3.9318287557E+04  7.0162113305E-12
  4.0142424905E+04  6.7415403260E-12
  4.0983836718E+04  6.4776065558E-12
  4.1842885079E+04  6.2239909464E-12
  4.2719939663E+04  5.9802907523E-12
  4.3615377892E+04  5.7461189220E-12
  4.4529585099E+04  5.5211034871E-12
  4.5462954695E+04  5.3048869755E-12
  4.6415888336E+04  5.0971258479E-12
  4.7388796097E+04  4.8974899554E-12
  4.8382096649E+04  4.7056620186E-12
  4.9396217439E+04  4.5213371270E-12
  5.0431594872E+04  4.3442222574E-12
  5.1488674501E+04  4.1740358115E-12
  5.2567911220E+04  4.0105071712E-12
  5.3669769455E+04  3.8533762712E-12
  5.4794723369E+04  3.7023931883E-12
  5.5943257062E+04  3.5573177464E-12
  5.7115864781E+04  3.4179191371E-12
  5.8313051135E+04  3.2839755552E-12
  5.9535331308E+04  3.1552738478E-12
  6.0783231283E+04  3.0316091774E-12
  6.2057288068E+04  2.9127846984E-12
  6.3358049927E+04  2.7986112454E-12
  6.4686076615E+04  2.6889070345E-12
  6.6041939623E+04  2.5834973752E-12
  6.7426222418E+04  2.4822143948E-12
  6.8839520696E+04  2.3848967721E-12
  7.0282442643E+04  2.2913894825E-12
  7.1755609189E+04  2.2015435526E-12
  7.3259654282E+04  2.1152158245E-12
  7.4795225156E+04  2.0322687288E-12
  7.6362982613E+04  1.9525700673E-12
  7.7963601304E+04  1.8759928032E-12
  7.9597770023E+04  1.8024148602E-12
  8.1266192001E+04  1.7317189291E-12
  8.2969585208E+04  1.6637922818E-12
  8.4708682666E+04  1.5985265929E-12
  8.6484232757E+04  1.5358177677E-12
  8.8296999555E+04  1.4755657777E-12
  9.0147763145E+04  1.4176745017E-12
  9.2037319966E+04  1.3620515734E-12
  9.3966483150E+04  1.3086082351E-12
  9.5936082871E+04  1.2572591971E-12
  9.7946966707E+04  1.2079225020E-12
  1.0000000000E+05  1.1605193951E-12
